0
10215
10236
10700
12104
10171
10257
10608
10729
10155
10192
10383
10207
10300
10426
12150
10283
10144
10956
10270
10313
10242
10784
10328
10455
10168
10284
10189
10285
10124
10260
10123
10130
10204
10211
10129
10258
10232
10947
10229
10217
10176
10283
10247
11578
10259
10212
11578
10155
10364
10116
10465
10450
12150
10159
10479
10195
10167
10253
10801
10271
11747
10226
10177
10148
10173
10161
10264
10436
10329
10342
10374
10380
10394
10289
11541
10843
10281
10285
12237
10114
10498
10833
10307
10350
10320
10348
10268
10338
10545
10198
10378
11056
10070
10225
10291
10119
10233
